49,4
49,3
49,1
49,0
44,2
43,4
43,3
43,1
43,0
42,5
42,3
42,0
41,5
38,5
38,4
36,5
36,4
34,5
34,3
34,1
34,0
27,4
27,3
27,1
27,0
24,3
24,1
24,0
19,3
19,1
19,0
15,3
15,1
15,0
12,3
12,1
12,0
6,4
6,3
6,1
6,0
5,3
5,1
5,0
4,3
4,2
4,1
4,0
3,6
3,5
3,4
3,3
3,2
3,1
3,0
2,8
2,5
2,2
1,2
0,243
16,1
16,3
16,0
45,4
45,1
45,3
45,0
44,4
41,1
41,3
41,0
38,1
38,3
38,0
36,1
36,3
36,0
44,1
44,3
44,0
9,1
9,3
9,0
1,1
1,3
1,0
2,1
2,7
2,3
2,0
0,9
0,310
0,305
0,308
0,304
0,303
0,302
0,307
0,12
0,10
0,8
0,0
0,435
0,300
0,423
0,299
0,422
0,298
0,421
0,297
0,437
0,296
0,420
0,295
0,419
0,294
0,418
0,293
0,417
0,292
0,434
0,291
0,433
0,290
0,415
0,289
0,414
0,288
0,416
0,287
0,413
0,286
0,412
0,285
0,411
0,284
0,410
0,283
0,409
0,282
0,407
0,281
0,432
0,280
0,406
0,279
0,405
0,278
0,404
0,277
0,436
0,276
0,402
0,275
0,401
0,274
0,403
0,273
0,400
0,272
0,399
0,271
0,398
0,270
0,397
0,269
0,396
0,268
0,395
0,267
0,431
0,266
0,394
0,265
0,393
0,264
0,392
0,263
0,430
0,262
0,391
0,261
0,390
0,260
0,389
0,259
0,388
0,258
0,429
0,257
0,428
0,256
0,387
0,255
0,386
0,254
0,372
0,253
0,385
0,252
0,384
0,251
0,371
0,250
0,370
0,249
0,383
0,248
0,382
0,247
0,427
0,246
0,381
0,245
0,380
0,244
0,379
0,242
0,426
0,241
0,369
0,240
0,378
0,239
0,377
0,238
0,376
0,237
0,425
0,236
0,424
0,235
0,375
0,234
0,374
0,233
0,373
0,232
0,368
0,231
0,367
0,230
0,366
0,229
0,365
0,228
0,364
0,227
0,363
0,226
